%YAML:1.0
---
K_l: !!opencv-matrix
   rows: 3
   cols: 3
   dt: d
   data: [ 9.1470429459868785e+02, 0., 3.8125234054083921e+02, 0.,
       9.1530189410900300e+02, 6.6695816284870705e+02, 0., 0., 1. ]
K_r: !!opencv-matrix
   rows: 3
   cols: 3
   dt: d
   data: [ 9.0891789143985579e+02, 0., 3.9580900031843572e+02, 0.,
       9.0992315936274804e+02, 6.6844112588332007e+02, 0., 0., 1. ]
D_l: !!opencv-matrix
   rows: 1
   cols: 5
   dt: d
   data: [ 1.1930295849479145e-02, -1.1461326331672857e-01,
       -8.2499145710864755e-04, -6.5727485910430994e-04,
       -9.3154358342755275e-03 ]
D_r: !!opencv-matrix
   rows: 1
   cols: 5
   dt: d
   data: [ 1.4052906061007422e-02, -1.2918429211755864e-01,
       -5.1426661593055036e-04, 8.7997185828453492e-04,
       2.7592229310092593e-02 ]
R1: !!opencv-matrix
   rows: 3
   cols: 3
   dt: d
   data: [ 9.9204347465665643e-01, -3.5488252871402177e-02,
       1.2079043132336008e-01, 3.5669707291143250e-02,
       9.9936341535472850e-01, 6.6032741642898759e-04,
       -1.2073697185581603e-01, 3.6534858242699216e-03,
       9.9267781060544502e-01 ]
R2: !!opencv-matrix
   rows: 3
   cols: 3
   dt: d
   data: [ 9.9139832968128039e-01, -3.6253161839473233e-02,
       1.2575794273845395e-01, 3.6626770727341176e-02,
       9.9932879735106583e-01, -6.5912893997727910e-04,
       -1.2564963816602925e-01, 5.2595666659615119e-03,
       9.9206073674308481e-01 ]
P1: !!opencv-matrix
   rows: 3
   cols: 4
   dt: d
   data: [ 9.1261252673587546e+02, 0., 2.5204157257080078e+02, 0., 0.,
       9.1261252673587546e+02, 6.7705369567871094e+02, 0., 0., 0., 1.,
       0. ]
P2: !!opencv-matrix
   rows: 3
   cols: 4
   dt: d
   data: [ 9.1261252673587546e+02, 0., 2.6426461029052734e+02,
       -1.6302723178300269e+01, 0., 9.1261252673587546e+02,
       6.7705369567871094e+02, 0., 0., 0., 1., 0. ]
Q: !!opencv-matrix
   rows: 4
   cols: 4
   dt: d
   data: [ 1., 0., 0., -2.5204157257080078e+02, 0., 1., 0.,
       -6.7705369567871094e+02, 0., 0., 0., 9.1261252673587546e+02, 0.,
       0., 5.5979146352101957e+01, 6.8423521737983583e+02 ]       
DISPARITY: !!opencv-matrix
   rows: 1
   cols: 2
   dt: d
   data: [-6., 42]